103716603
101352207
101645842
107306082
106776457
105328252
107611610
103711442
106323088
96668692
105727287
104891474
105184713
107559171
83078892
93131531
107598911
107839058
106432062
97506929
106596274
106431999
100524091
102050592
105238613
100524091
97506929
102050592
106596274
106308391
97506846
107210943
106432041
105180280
101236339
107791846
107605528
106446744
105455345
103268489
105491027
104695511
107545178
97506810
105996155
103774517
96817225
107808470
107183011
100907968
107695613
106940076
96536781
107020128
107555104
102113572
107553137
107281007
102207056
96536735
107121913
106940076
96536726
107279628
107924431
106792226
105410113
105113786
106608608
107660224
107617874
107757063
103969954
103592721
106410379
106803037
100579384
103479370
106970245
107803510
107660260
106258735
106323262
107218564
105573901
106427741
107573631
93176741
107218564
105573901
107563379
106723952
107636857
106323201
106632647
107712678
106593271
106194195
103173766
106458610
106461214
106680226
33950034
87962217
107100794
102281305
101601294
107170976
101601295
106552955
103211522
87760687
101125919
84717088
106423327
106815353
107871200
94435970
107577466
87760687
106959641
105811124
106084797
106788262
107800125
105377058
106452912
97506790
106915348
99423853
107501960
106914604
106915917
96887760
107169890
87561504
107501977
106797519
106915137
105622634
106336719
103985736
107058477
106915406
107128280
107128280
106915406
105113772
107747153
107058579
106432113
107379133
107785210
107265615
107124812
106085172
99149958
107287376
104891505
104913859
106435407
104912979
105794881
106657420
102717688
106140316
102974116
106658230
37352400
106970916
103163058
105721389
106913897
104890661
106608506
103130064
104025910
106942582
106176728
104890990
104891099
96536669
106608506
104888437
107265663
105617924
104889541
106704466
106657305
106364526
105529410
107673666
102828466
104889877
105582486
107501225
106907753
33951235
99448869
105181565
103078870
106824889
86613389
106419600
105842282
106436207
105873812
107704882
105226537
106192185
107670748
102291199
102328752
102818663
105710518
107755037
105118087
33770859
102617787
107942004
107620931
107827638
104278256
107668938
107360097
105550268
