102736183
101775670
105180280
104695511
106495767
104810242
103241842
84717034
104853672
106798173
102968605
84717034
104695511
105180280
104853672
103716603
93390529
106164451
106218771
104432776
101352207
104993029
101645842
107322861
107800125
107827758
96668692
105328252
106323088
107651130
106776457
105727287
93131531
83078892
103711442
105184713
107306082
107617874
106508417
96997688
97506929
102050592
105074217
106432062
106508417
106431999
103327219
105238613
106596274
106815300
103774517
101236339
107210943
97506846
96817225
103268489
106308391
107545178
106446744
106432041
105491027
107020128
103951731
100907968
105455345
107695613
97506810
105996155
107183011
107210943
105528338
96536781
107553137
107555104
107121913
107281007
102207056
96536726
106940076
100201434
107689625
96536735
105113786
105410113
106792226
107577466
107279628
100579384
103479370
92493175
103592721
107757063
106970245
106803037
106410379
107660224
102562434
107105517
106258735
107660224
100579384
103479370
106432113
107218564
106427741
106323262
105573901
107219181
107379133
107660249
107712678
107563379
93176741
106194195
107014527
103173766
106632647
106461214
106323201
106593271
106723952
106458610
107170976
106680226
107559171
87962217
33950034
107100794
106552955
106552955
105403775
101601295
101601294
103211522
104124202
101125919
87760687
107785164
106815353
94435970
106959641
84717088
106423327
105811124
106788262
105215829
106084797
106358090
107149396
106357861
99149958
87485964
97506790
99423853
106336719
106452912
107169890
106797519
87561504
106797519
96887760
107169890
103985736
96536723
107128280
107058477
105587620
107058579
105113772
107785210
107747153
106085172
107265615
107124812
107287376
104913859
106658230
105721389
106435407
103163058
37352400
104912979
106657420
102717688
106970916
106140316
102974116
106913897
105794881
106435407
104888437
104891099
107673666
105529410
106704466
106364526
105617924
38758293
104889541
106608506
107265663
107163529
104025910
96536669
103130064
106657311
104890990
106657305
105737651
107501225
105582486
99448869
102828466
104889877
107508861
105181565
33951235
106907753
106824889
106419600
86613389
105842282
103078870
105873812
106436207
106841327
107704882
105226537
107670748
107752353
107755037
102291199
102818663
105710518
102328752
105118087
33770859
102617787
104483813
107827638
104278256
107668938
107360097
105550268
