106605154
105525318
106826959
106962223
106855931
106123720
107820926
106313470
107784772
25140687
105801909
89217347
93698940
106428250
107613323
104358333
104357332
97374427
99092519
103443340
106147141
105924292
107703698
107011469
105232182
107593558
106554489
107248239
107768048
107655264
105301438
93870643
106897463
106902010
104377982
103413318
102386146
103261185
106680542
88462318
93121815
94354534
104707702
106917133
106351627
103721539
106097146
96993611
103435797
82521187
107529640
107179625
107545382
105640882
107787866
104241846
104579842
102541083
107512399
106251621
104942296
101757258
107618823
106710899
107372970
106379788
106461756
107462509
107741512
107654934
104214425
97884017
106957900
105537754
107024585
97272372
107170718
106543801
106672392
107233220
107622689
107677603
106428666
105755143
107086850
107445935
107370219
106192185
105266836
104857148
103240927
96990417
95349560
27096968
105939290
107242979
104163465
103284139
98046676
107030407
107557814
107209209
107197177
107857219
84716958
107775085
107813939
106678281
106678262
106678055
106678255
107031846
107704254
107354582
107840878
107827705
106530176
99854554
107187722
107853218
104966723
107176027
107842441
107352270
107352254
107352318
107352255
107352271
107352286
107352317
106971992
101620157
104680681
105852802
101218645
106309624
105011526
106562019
107638081
106166495
106456041
106267648
104509805
105540147
104331438
105855583
107835972
84101157
105520707
105521870
105520707
105530830
105560405
105525174
105520343
105714238
105530754
105525267
105530793
107358879
107593552
107799002
105359433
107690323
106797287
107502478
105296119
105074185
107424869
107793564
107637536
106176728
107301777
107267336
106707985
107361025
97019309
104719266
105849742
104719266
106656850
106707985
105183103
107716430
105945451
105527268
94436165
105833395
101601297
107772711
106304278
107839058
94649893
88661622
107389179
97496404
107376236
104266041
106764539
107791846
107808470
107170945
27022334
106966082
107600455
97084062
96354875
107139246
103930734
107789587
106077103
107082075
94752685
107163300
106896732
107803510
107085935
106714860
31919470
107352218
105424863
104166530
105530789
105706051
105520741
105055940
30944167
107239843
107765625
107610932
37471730
105815891
101601592
101601593
107314296
107159391
106748858
107436067
107634532
107634532
107436067
107314296
105635653
107154325
91614604
107598911
106421320
106938224
107140441
96855348
107623129
107180289
102633301
101127726
104450813
97496727
102633199
107379213
102291131
105613805