99414546
105695042
101649801
106085382
104743329
107462066
107823126
106571650
107032746
106084587
106994292
106894158
104237394
107935314
107667901
107740256
103322344
106525197
107195508
104237407
107418846
106641411
104965231
105686427
98141833
105976982
107818817
104545302
107218287
105521426
105521426
103970815
107723779
103723972
105914704
98639330
107135690
107678858
107577778
107787823
100512656
107447140
102005254
106284091
95453945
107357171
107035831
106105742
107302144
100599137
107602616
107703825
106095454
107129724
106749882
104704367
107071127
105013902
101372511
107935080
106792099
107389173
106678280
100991782
25140690
106678268
105980095
102270660
103851635
104237602
104394034
106680514
107331547
104618889
106784056
107840878
106678254
107593919
107695631
107800623
107596128
105031315
106477670
106453507
107889512
107087777
86065026
106605154
105525318
107810467
107810467
106962223
106855931
107887308
107784772
106313470
105801909
25140687
104358333
93698940
89217347
106428250
97374427
104357332
99092519
103443340
106147141
107882838
107909792
105924292
105232182
107838108
107768048
107248239
105301438
106379788
93870643
103261185
102386146
94354534
104707702
103435797
107545382
88462318
106917133
107593558
106554489
106680542
106097146
93121815
94354534
96993611
107179625
107011469
82521187
107787866
104579842
105640882
107655264
104241846
107820926
103413318
107512399
102541083
106710899
104942296
101757258
106251621
107445935
106461756
107899237
107741512
104214425
97884017
106957900
107170718
107024585
107618823
105537754
97272372
106543801
97430016
106672392
107654934
107462509
105215829
107233220
107876290
107827758
107677603
105755143
106428666
107622689
107086850
107370219
105266836
104857148
103240927
95349560
27096968
105939290
107242979
107704254
98046676
103284139
107030407
107209209
107557814
107197177
107871216
107931358
107937077
84716958
107322861
106678281
106678055
106678262
106678255
107935694
96978683
107813939
107159194
107931871
107936241
107775085
107031846
99854554
107187722
107354582
107352270
107352254
107352271
107352286
107352270
107352318
107352255
106530176
101620157
107533821
106971992
104680681
105011526
101218645
105852802
106456041
107919664
106166495
104331438
105540147
106267648
101601298
105855583
107638081
107880797
84101157
107842441
107885071
105521870
107059774
105530830
105520707
105525174
107358879
106309624
105530754
105714238
105530793
105525267
105560405
105520343
107908471
104993029
106562019
107913249
107898276
107802553
107690323
107424869
106391635
107267336
106707985
105074185
105849742
107637536
106896732
107204297
107361025
97019309
105183103
105945451
107716430
94436165
106304278
107772711
105833395
86195608
97496404
88661622
101601297
94649893
105527268
107867635
107376236
104266041
107835972
105359433
97084062
106966082
27022334
103930734
107170945
107139246
96354875
106714860
107082075
106915916
31919470
107163300
107352218
105424863
107082075
104166530
107085935
107600455
105530789
105706051
94752685
107901037
105055940
30944167
105520741
107894422
37471730
107765625
105815891
101601592
101601593
107314296
106668685
105635653
104719266
106748858
107159391
107236465
107857219
106938224
107180289
107593552
106915334
91614604
107140441
106421320
106938224
104450813
107379213
102291131
97496727
101775670
107906196
102633199
101127726
105613805
104810242
107875632
102968605
84717034
106656850
92493175
103241842
106495767
106798173
107798315
107793564
106723900
99591593
107910832
104853672
96938499
107154325
106218771
106218771
93390529
107910061
100802248
106164451
103716603
101352207
101645842
107306082
106776457
105328252
107611610
103711442
106323088
96668692
105727287
104891474
105184713
107559171
83078892
93131531
107598911
107839058
106432062
97506929
106596274
106431999
100524091
102050592
105238613
100524091
97506929
102050592
106596274
106308391
97506846
107210943
106432041
105180280
101236339
107791846
107605528
106446744
105455345
103268489
105491027
104695511
107545178
97506810
105996155
103774517
96817225
107808470
107183011
100907968
107695613
106940076
96536781
107020128
107555104
102113572
107553137
107281007
102207056
96536735
107121913
106940076
96536726
107279628
107924431
106792226
105410113
105113786
106608608
107660224
107617874
107757063
103969954
103592721
106410379
106803037
100579384
103479370
106970245
107803510
107660260
106258735
106323262
107218564
105573901
106427741
107573631
93176741
107218564
105573901
107563379
106723952
107636857
106323201
106632647
107712678
106593271
106194195
103173766
106458610
106461214
106680226
33950034
87962217
107100794
102281305
101601294
107170976
101601295
106552955
103211522
87760687
101125919
84717088
106423327
106815353
107871200
94435970
107577466
87760687
106959641
105811124
106084797
106788262
107800125
105377058
106452912
97506790
106915348
99423853
107501960
106914604
106915917
96887760
107169890
87561504
107501977
106797519
106915137
105622634
106336719
103985736
107058477
106915406
107128280
107128280
106915406
105113772
107747153
107058579
106432113
107379133
107785210
107265615
107124812
106085172
99149958
107287376
104891505
104913859
106435407
104912979
105794881
106657420
102717688
106140316
102974116
106658230
37352400
106970916
103163058
105721389
106913897
104890661
106608506
103130064
104025910
106942582
106176728
104890990
104891099
96536669
106608506
104888437
107265663
105617924
104889541
106704466
106657305
106364526
105529410
107673666
102828466
104889877
105582486
107501225
106907753
33951235
99448869
105181565
103078870
106824889
86613389
106419600
105842282
106436207
105873812
107704882
105226537
106192185
107670748
102291199
102328752
102818663
105710518
107755037
105118087
33770859
102617787
107942004
107620931
107827638
104278256
107668938
107360097
105550268
